 &plot nbnd=  14, nks=   202 /
            0.000000  0.000000  0.000000
 -12.827  -7.350  -3.241  -3.201  -2.412  -2.083  -0.065  -0.015   0.456   0.675
   0.781   0.856   1.096   1.239
            0.000000  0.057735  0.000000
 -12.804  -7.357  -3.567  -3.257  -2.404  -1.769  -0.082   0.018   0.483   0.702
   0.807   0.882   1.122   1.264
            0.000000  0.115470  0.000000
 -12.735  -7.385  -4.127  -3.406  -2.382  -1.321  -0.147   0.243   0.563   0.778
   0.882   0.957   1.194   1.339
            0.000000  0.173205  0.000000
 -12.620  -7.462  -4.650  -3.608  -2.363  -1.202   0.062   0.550   0.691   0.909
   1.008   1.083   1.311   1.464
            0.000000  0.230940  0.000000
 -12.461  -7.627  -5.043  -3.824  -2.380  -1.334   0.354   0.834   0.870   1.112
   1.211   1.259   1.500   1.635
            0.000000  0.288675  0.000000
 -12.261  -7.912  -5.258  -4.032  -2.479  -1.462   0.409   1.020   1.141   1.347
   1.471   1.480   1.773   1.850
            0.000000  0.346410  0.000000
 -12.023  -8.298  -5.307  -4.214  -2.677  -1.518   0.315   1.277   1.323   1.618
   1.730   1.755   2.028   2.126
            0.000000  0.404145  0.000000
 -11.754  -8.731  -5.238  -4.363  -2.932  -1.537   0.238   1.418   1.568   1.909
   1.998   2.083   2.256   2.457
            0.000000  0.461880  0.000000
 -11.475  -9.153  -5.109  -4.473  -3.190  -1.555   0.237   1.457   1.779   2.109
   2.340   2.460   2.522   2.834
            0.000000  0.519615  0.000000
 -11.229  -9.492  -4.980  -4.539  -3.394  -1.574   0.287   1.468   1.734   2.423
   2.743   2.826   2.888   3.048
            0.000000 -0.577350  0.000000
 -11.120  -9.633  -4.924  -4.562  -3.476  -1.583   0.318   1.470   1.680   2.678
   2.855   3.163   3.240   3.258
            0.050000  0.086603  0.000000
 -12.758  -7.374  -3.962  -3.381  -2.388  -1.397  -0.207   0.215   0.538   0.753
   0.857   0.932   1.170   1.314
            0.050000  0.144338  0.000000
 -12.666  -7.426  -4.458  -3.578  -2.367  -1.065  -0.252   0.518   0.665   0.850
   0.954   1.033   1.261   1.414
            0.050000  0.202073  0.000000
 -12.529  -7.547  -4.886  -3.811  -2.361  -1.089   0.016   0.755   0.872   1.029
   1.115   1.184   1.403   1.562
            0.050000  0.259808  0.000000
 -12.349  -7.774  -5.170  -4.042  -2.409  -1.244   0.303   0.933   1.025   1.247
   1.358   1.382   1.635   1.756
            0.050000  0.317543  0.000000
 -12.130  -8.114  -5.287  -4.248  -2.550  -1.346   0.364   1.067   1.235   1.494
   1.613   1.629   1.909   2.002
            0.050000  0.375278  0.000000
 -11.875  -8.527  -5.271  -4.415  -2.777  -1.382   0.296   1.167   1.495   1.788
   1.891   1.932   2.175   2.305
            0.050000  0.433013  0.000000
 -11.598  -8.959  -5.179  -4.529  -3.043  -1.393   0.250   1.220   1.797   2.065
   2.180   2.284   2.404   2.660
            0.050000  0.490748  0.000000
 -11.326  -9.348  -5.076  -4.576  -3.292  -1.404   0.260   1.269   1.888   2.269
   2.559   2.685   2.706   2.989
            0.050000  0.548483  0.000000
 -11.131  -9.605  -5.019  -4.568  -3.455  -1.414   0.289   1.336   1.732   2.645
   2.910   3.028   3.132   3.206
            0.100000  0.173205  0.000000
 -12.552  -7.520  -4.802  -3.855  -2.355  -0.718  -0.428   0.729   0.956   0.987
   1.070   1.159   1.365   1.538
            0.100000  0.230940  0.000000
 -12.394  -7.703  -5.073  -4.146  -2.374  -0.755  -0.173   0.911   1.060   1.209
   1.272   1.332   1.520   1.709
            0.100000  0.288675  0.000000
 -12.195  -7.992  -5.219  -4.409  -2.460  -0.909   0.181   0.993   1.159   1.406
   1.495   1.556   1.752   1.933
            0.100000  0.346410  0.000000
 -11.957  -8.368  -5.249  -4.613  -2.634  -0.986   0.363   0.869   1.417   1.684
   1.782   1.832   2.050   2.208
            0.100000  0.404145  0.000000
 -11.689  -8.787  -5.221  -4.725  -2.881  -0.999   0.356   0.838   1.725   2.005
   2.098   2.158   2.358   2.534
            0.100000  0.461880  0.000000
 -11.408  -9.197  -5.215  -4.705  -3.153  -0.987   0.278   0.917   2.043   2.208
   2.417   2.535   2.595   2.918
            0.100000  0.519615  0.000000
 -11.158  -9.532  -5.239  -4.598  -3.387  -0.977   0.221   1.058   1.904   2.522
   2.829   2.951   2.962   3.220
            0.100000  0.577350  0.000000
 -11.044  -9.674  -5.252  -4.535  -3.488  -0.974   0.202   1.154   1.757   2.930
   2.958   3.268   3.315   3.354
            0.150000  0.259808  0.000000
 -12.217  -7.948  -5.171  -4.504  -2.430  -0.436  -0.242   1.107   1.221   1.229
   1.423   1.532   1.663   1.910
            0.150000  0.317543  0.000000
 -11.999  -8.278  -5.183  -4.805  -2.559  -0.488   0.100   0.957   1.371   1.475
   1.671   1.783   1.889   2.161
            0.150000  0.375278  0.000000
 -11.745  -8.663  -5.213  -4.939  -2.765  -0.516   0.387   0.658   1.661   1.856
   1.979   2.084   2.197   2.461
            0.150000  0.433013  0.000000
 -11.467  -9.066  -5.358  -4.826  -3.024  -0.489   0.379   0.617   1.998   2.222
   2.333   2.434   2.546   2.806
            0.150000  0.490748  0.000000
 -11.189  -9.438  -5.479  -4.641  -3.290  -0.431   0.166   0.832   2.141   2.417
   2.709   2.836   2.855   3.156
            0.150000  0.548483  0.000000
 -10.983  -9.695  -5.542  -4.488  -3.484  -0.375   0.034   1.019   1.899   2.840
   3.145   3.234   3.286   3.367
            0.200000  0.346410  0.000000
 -11.765  -8.615  -5.168  -5.064  -2.722  -0.164   0.094   0.894   1.552   1.643
   1.939   2.060   2.125   2.438
            0.200000  0.404145  0.000000
 -11.499  -8.987  -5.453  -4.890  -2.946  -0.091   0.194   0.837   1.894   1.965
   2.263   2.385   2.436   2.769
            0.200000  0.461880  0.000000
 -11.214  -9.359  -5.660  -4.675  -3.204  -0.142   0.286   0.859   2.286   2.334
   2.639   2.753   2.800   2.875
            0.200000  0.519615  0.000000
 -10.949  -9.682  -5.784  -4.462  -3.448  -0.196   0.314   0.983   2.144   2.751
   3.052   3.163   3.189   3.279
            0.200000  0.577350  0.000000
 -10.818  -9.832  -5.825  -4.355  -3.567  -0.217   0.316   1.070   2.003   3.155
   3.271   3.395   3.482   3.552
            0.250000  0.433013  0.000000
 -11.225  -9.324  -5.728  -4.689  -3.168  -0.136   0.358   1.127   2.053   2.294
   2.608   2.730   2.751   2.883
            0.250000  0.490748  0.000000
 -10.937  -9.660  -5.920  -4.455  -3.414  -0.308   0.659   1.234   2.365   2.599
   2.823   2.984   3.068   3.143
            0.250000  0.548483  0.000000
 -10.695  -9.929  -6.018  -4.251  -3.623  -0.401   0.908   1.186   2.258   2.956
   3.129   3.339   3.478   3.589
            0.300000  0.519615  0.000000
 -10.653  -9.957  -6.089  -4.215  -3.640  -0.470   1.023   1.439   2.601   2.607
   2.958   3.168   3.444   3.567
            0.300000  0.577350  0.000000
 -10.445 -10.169  -6.145  -4.043  -3.806  -0.527   1.286   1.344   2.587   2.702
   3.134   3.541   3.656   3.909
           -0.050000  0.028868  0.000000
 -12.804  -7.357  -3.543  -3.285  -2.403  -1.765  -0.120   0.057   0.482   0.702
   0.807   0.882   1.122   1.264
            0.050000  0.028868  0.000000
 -12.804  -7.357  -3.543  -3.285  -2.403  -1.765  -0.120   0.057   0.482   0.702
   0.807   0.882   1.122   1.264
           -0.100000  0.057735  0.000000
 -12.735  -7.384  -4.107  -3.432  -2.382  -1.318  -0.176   0.275   0.562   0.778
   0.882   0.957   1.194   1.339
            0.100000  0.057735  0.000000
 -12.735  -7.384  -4.107  -3.431  -2.382  -1.318  -0.175   0.275   0.562   0.778
   0.882   0.957   1.194   1.339
           -0.150000  0.086603  0.000000
 -12.621  -7.458  -4.634  -3.629  -2.362  -1.211   0.048   0.577   0.690   0.908
   1.008   1.083   1.311   1.464
            0.150000  0.086603  0.000000
 -12.621  -7.458  -4.634  -3.629  -2.362  -1.211   0.048   0.577   0.690   0.908
   1.008   1.083   1.311   1.464
           -0.200000  0.115470  0.000000
 -12.463  -7.620  -5.031  -3.843  -2.378  -1.348   0.345   0.832   0.893   1.111
   1.210   1.259   1.500   1.634
            0.200000  0.115470  0.000000
 -12.463  -7.620  -5.031  -3.843  -2.378  -1.348   0.345   0.832   0.893   1.111
   1.210   1.259   1.500   1.634
           -0.250000  0.144338  0.000000
 -12.264  -7.899  -5.252  -4.047  -2.476  -1.477   0.400   1.020   1.159   1.346
   1.469   1.479   1.770   1.849
            0.250000  0.144338  0.000000
 -12.264  -7.899  -5.253  -4.047  -2.476  -1.477   0.400   1.020   1.158   1.346
   1.469   1.479   1.770   1.849
           -0.300000  0.173205  0.000000
 -12.028  -8.279  -5.306  -4.228  -2.671  -1.533   0.306   1.277   1.336   1.617
   1.727   1.755   2.025   2.126
            0.300000  0.173205  0.000000
 -12.028  -8.280  -5.306  -4.228  -2.671  -1.533   0.306   1.277   1.336   1.617
   1.727   1.755   2.025   2.126
           -0.350000  0.202073  0.000000
 -11.763  -8.707  -5.242  -4.376  -2.922  -1.552   0.227   1.427   1.568   1.905
   1.996   2.083   2.254   2.457
            0.350000  0.202073  0.000000
 -11.763  -8.708  -5.242  -4.376  -2.922  -1.552   0.227   1.427   1.568   1.905
   1.996   2.083   2.254   2.457
           -0.400000  0.230940  0.000000
 -11.489  -9.123  -5.117  -4.484  -3.176  -1.570   0.222   1.463   1.779   2.107
   2.340   2.460   2.523   2.834
            0.400000  0.230940  0.000000
 -11.489  -9.123  -5.117  -4.484  -3.176  -1.570   0.222   1.463   1.779   2.107
   2.340   2.460   2.523   2.834
           -0.450000  0.259808  0.000000
 -11.250  -9.454  -4.994  -4.550  -3.376  -1.590   0.269   1.473   1.739   2.423
   2.743   2.825   2.888   3.047
            0.450000  0.259808  0.000000
 -11.250  -9.454  -4.994  -4.550  -3.376  -1.590   0.269   1.473   1.739   2.423
   2.743   2.825   2.888   3.048
            0.500000 -0.288675  0.000000
 -11.146  -9.590  -4.940  -4.573  -3.455  -1.599   0.298   1.475   1.688   2.679
   2.854   3.160   3.240   3.258
           -0.500000 -0.288675  0.000000
 -11.146  -9.590  -4.940  -4.573  -3.455  -1.599   0.298   1.475   1.688   2.679
   2.854   3.160   3.240   3.258
           -0.050000  0.086603  0.000000
 -12.758  -7.374  -3.962  -3.381  -2.388  -1.397  -0.207   0.215   0.538   0.753
   0.857   0.932   1.170   1.314
            0.100000  0.000000  0.000000
 -12.758  -7.373  -3.939  -3.410  -2.388  -1.388  -0.240   0.247   0.537   0.752
   0.857   0.932   1.170   1.314
           -0.050000  0.144338  0.000000
 -12.666  -7.426  -4.458  -3.578  -2.367  -1.064  -0.252   0.518   0.665   0.850
   0.954   1.033   1.261   1.414
           -0.100000  0.115470  0.000000
 -12.666  -7.425  -4.450  -3.588  -2.366  -1.071  -0.252   0.525   0.667   0.849
   0.954   1.033   1.261   1.414
            0.150000  0.028868  0.000000
 -12.667  -7.423  -4.436  -3.608  -2.366  -1.058  -0.277   0.544   0.666   0.849
   0.954   1.033   1.261   1.414
           -0.100000 -0.115470  0.000000
 -12.666  -7.425  -4.450  -3.587  -2.366  -1.071  -0.252   0.525   0.667   0.849
   0.954   1.033   1.261   1.414
            0.150000 -0.028868  0.000000
 -12.667  -7.423  -4.436  -3.608  -2.366  -1.058  -0.277   0.544   0.666   0.849
   0.954   1.033   1.261   1.414
           -0.050000  0.202073  0.000000
 -12.529  -7.547  -4.886  -3.811  -2.361  -1.089   0.016   0.755   0.872   1.029
   1.115   1.184   1.403   1.562
           -0.150000  0.144338  0.000000
 -12.530  -7.543  -4.877  -3.823  -2.359  -1.104   0.018   0.756   0.885   1.027
   1.113   1.184   1.403   1.562
            0.200000  0.057735  0.000000
 -12.531  -7.540  -4.869  -3.837  -2.360  -1.097   0.010   0.762   0.878   1.029
   1.114   1.184   1.403   1.562
           -0.150000 -0.144338  0.000000
 -12.530  -7.543  -4.877  -3.823  -2.359  -1.104   0.018   0.756   0.885   1.027
   1.113   1.184   1.403   1.562
            0.200000 -0.057735  0.000000
 -12.531  -7.540  -4.869  -3.837  -2.360  -1.097   0.010   0.762   0.878   1.029
   1.114   1.184   1.403   1.562
           -0.050000  0.259808  0.000000
 -12.349  -7.774  -5.169  -4.042  -2.409  -1.244   0.303   0.933   1.025   1.247
   1.358   1.382   1.635   1.756
           -0.200000  0.173205  0.000000
 -12.351  -7.766  -5.163  -4.054  -2.406  -1.261   0.297   0.934   1.043   1.247
   1.356   1.382   1.634   1.755
            0.250000  0.086603  0.000000
 -12.352  -7.762  -5.159  -4.063  -2.407  -1.256   0.302   0.929   1.036   1.246
   1.356   1.381   1.633   1.756
           -0.200000 -0.173205  0.000000
 -12.351  -7.766  -5.163  -4.054  -2.406  -1.260   0.297   0.934   1.043   1.247
   1.356   1.382   1.634   1.755
            0.250000 -0.086603  0.000000
 -12.352  -7.762  -5.159  -4.064  -2.407  -1.256   0.302   0.929   1.036   1.246
   1.356   1.381   1.633   1.756
           -0.050000  0.317543  0.000000
 -12.130  -8.114  -5.287  -4.248  -2.550  -1.346   0.364   1.067   1.235   1.494
   1.613   1.629   1.909   2.002
           -0.250000  0.202073  0.000000
 -12.133  -8.101  -5.284  -4.260  -2.545  -1.363   0.352   1.080   1.240   1.494
   1.611   1.629   1.907   2.002
            0.300000  0.115470  0.000000
 -12.134  -8.096  -5.283  -4.266  -2.546  -1.358   0.359   1.065   1.244   1.493
   1.610   1.630   1.905   2.003
           -0.250000 -0.202073  0.000000
 -12.133  -8.101  -5.284  -4.260  -2.545  -1.363   0.352   1.080   1.239   1.494
   1.611   1.629   1.907   2.002
            0.300000 -0.115470  0.000000
 -12.134  -8.096  -5.283  -4.266  -2.546  -1.358   0.359   1.065   1.244   1.493
   1.610   1.630   1.906   2.003
           -0.050000  0.375278  0.000000
 -11.875  -8.527  -5.271  -4.415  -2.777  -1.382   0.296   1.167   1.495   1.788
   1.891   1.932   2.175   2.305
           -0.300000  0.230940  0.000000
 -11.881  -8.509  -5.272  -4.426  -2.768  -1.399   0.285   1.178   1.495   1.788
   1.889   1.932   2.172   2.305
            0.350000  0.144338  0.000000
 -11.882  -8.505  -5.273  -4.429  -2.770  -1.394   0.286   1.170   1.500   1.787
   1.889   1.932   2.171   2.305
           -0.300000 -0.230940  0.000000
 -11.881  -8.509  -5.272  -4.426  -2.768  -1.399   0.285   1.177   1.495   1.788
   1.889   1.932   2.172   2.305
            0.350000 -0.144338  0.000000
 -11.882  -8.505  -5.273  -4.429  -2.770  -1.394   0.286   1.170   1.500   1.787
   1.889   1.932   2.171   2.305
           -0.050000  0.433013  0.000000
 -11.598  -8.959  -5.179  -4.529  -3.043  -1.393   0.250   1.220   1.797   2.065
   2.180   2.284   2.404   2.659
           -0.350000  0.259808  0.000000
 -11.608  -8.935  -5.184  -4.540  -3.030  -1.410   0.238   1.226   1.797   2.062
   2.180   2.284   2.405   2.659
            0.400000  0.173205  0.000000
 -11.609  -8.931  -5.187  -4.540  -3.032  -1.405   0.235   1.225   1.800   2.061
   2.180   2.284   2.404   2.659
           -0.350000 -0.259808  0.000000
 -11.607  -8.935  -5.184  -4.540  -3.030  -1.410   0.238   1.225   1.797   2.062
   2.180   2.284   2.405   2.659
            0.400000 -0.173205  0.000000
 -11.609  -8.931  -5.187  -4.540  -3.032  -1.405   0.235   1.225   1.800   2.061
   2.180   2.284   2.404   2.659
           -0.050000  0.490748  0.000000
 -11.326  -9.348  -5.076  -4.576  -3.292  -1.404   0.260   1.269   1.888   2.269
   2.559   2.685   2.706   2.989
           -0.400000  0.288675  0.000000
 -11.342  -9.316  -5.086  -4.588  -3.275  -1.421   0.246   1.273   1.892   2.269
   2.559   2.685   2.707   2.989
            0.450000  0.202073  0.000000
 -11.343  -9.313  -5.090  -4.585  -3.277  -1.417   0.242   1.276   1.890   2.269
   2.559   2.685   2.707   2.990
           -0.400000 -0.288675  0.000000
 -11.342  -9.316  -5.086  -4.588  -3.275  -1.420   0.246   1.273   1.892   2.269
   2.559   2.685   2.707   2.989
            0.450000 -0.202073  0.000000
 -11.343  -9.313  -5.090  -4.585  -3.277  -1.417   0.242   1.276   1.890   2.269
   2.559   2.685   2.707   2.990
           -0.050000  0.548483  0.000000
 -11.131  -9.605  -5.019  -4.568  -3.455  -1.414   0.289   1.336   1.732   2.645
   2.910   3.028   3.132   3.206
           -0.450000  0.317543  0.000000
 -11.155  -9.565  -5.033  -4.580  -3.435  -1.430   0.271   1.339   1.740   2.644
   2.910   3.028   3.132   3.205
            0.500000  0.230940  0.000000
 -11.155  -9.564  -5.035  -4.578  -3.435  -1.429   0.270   1.342   1.737   2.646
   2.909   3.027   3.132   3.206
           -0.450000 -0.317543  0.000000
 -11.155  -9.565  -5.033  -4.580  -3.435  -1.430   0.271   1.339   1.740   2.644
   2.910   3.028   3.132   3.206
            0.500000 -0.230940  0.000000
 -11.155  -9.564  -5.035  -4.578  -3.435  -1.429   0.270   1.342   1.738   2.646
   2.909   3.027   3.132   3.205
           -0.100000  0.173205  0.000000
 -12.552  -7.520  -4.802  -3.855  -2.355  -0.717  -0.428   0.729   0.956   0.987
   1.070   1.159   1.365   1.538
            0.200000  0.000000  0.000000
 -12.553  -7.515  -4.784  -3.881  -2.355  -0.697  -0.455   0.735   0.955   0.991
   1.069   1.159   1.364   1.537
           -0.100000  0.230940  0.000000
 -12.394  -7.703  -5.073  -4.147  -2.374  -0.755  -0.173   0.911   1.060   1.209
   1.272   1.332   1.520   1.709
           -0.150000  0.202073  0.000000
 -12.395  -7.701  -5.070  -4.152  -2.373  -0.769  -0.167   0.910   1.069   1.210
   1.269   1.332   1.519   1.709
            0.250000  0.028868  0.000000
 -12.397  -7.693  -5.059  -4.172  -2.373  -0.763  -0.168   0.913   1.061   1.206
   1.266   1.331   1.518   1.709
           -0.150000 -0.202073  0.000000
 -12.395  -7.701  -5.070  -4.152  -2.373  -0.769  -0.167   0.910   1.069   1.210
   1.269   1.332   1.519   1.709
            0.250000 -0.028868  0.000000
 -12.397  -7.693  -5.059  -4.172  -2.373  -0.763  -0.167   0.913   1.061   1.206
   1.266   1.331   1.518   1.709
           -0.100000  0.288675  0.000000
 -12.195  -7.992  -5.219  -4.409  -2.460  -0.909   0.181   0.993   1.159   1.406
   1.495   1.556   1.752   1.933
           -0.200000  0.230940  0.000000
 -12.196  -7.986  -5.216  -4.417  -2.456  -0.924   0.178   1.003   1.162   1.404
   1.493   1.556   1.752   1.933
            0.300000  0.057735  0.000000
 -12.198  -7.976  -5.211  -4.431  -2.457  -0.919   0.190   0.982   1.164   1.402
   1.490   1.557   1.749   1.933
           -0.200000 -0.230940  0.000000
 -12.196  -7.986  -5.216  -4.417  -2.456  -0.924   0.178   1.003   1.162   1.404
   1.493   1.556   1.752   1.933
            0.300000 -0.057735  0.000000
 -12.198  -7.976  -5.211  -4.431  -2.457  -0.919   0.190   0.982   1.164   1.402
   1.490   1.557   1.749   1.934
           -0.100000  0.346410  0.000000
 -11.957  -8.368  -5.249  -4.613  -2.634  -0.986   0.363   0.869   1.417   1.684
   1.782   1.832   2.050   2.208
           -0.250000  0.259808  0.000000
 -11.960  -8.357  -5.247  -4.623  -2.628  -1.002   0.351   0.882   1.416   1.683
   1.781   1.832   2.051   2.208
            0.350000  0.086603  0.000000
 -11.963  -8.347  -5.249  -4.630  -2.630  -0.995   0.364   0.862   1.420   1.682
   1.779   1.832   2.047   2.208
           -0.250000 -0.259808  0.000000
 -11.960  -8.357  -5.247  -4.623  -2.628  -1.002   0.351   0.882   1.416   1.683
   1.781   1.832   2.051   2.208
            0.350000 -0.086603  0.000000
 -11.963  -8.347  -5.249  -4.630  -2.630  -0.996   0.363   0.862   1.420   1.682
   1.779   1.832   2.047   2.208
           -0.100000  0.404145  0.000000
 -11.689  -8.787  -5.221  -4.725  -2.881  -0.999   0.356   0.837   1.725   2.005
   2.098   2.158   2.358   2.533
           -0.300000  0.288675  0.000000
 -11.695  -8.769  -5.224  -4.735  -2.872  -1.016   0.344   0.845   1.725   2.005
   2.097   2.158   2.358   2.534
            0.400000  0.115470  0.000000
 -11.698  -8.761  -5.230  -4.735  -2.873  -1.008   0.342   0.841   1.728   2.004
   2.096   2.158   2.356   2.534
           -0.300000 -0.288675  0.000000
 -11.695  -8.770  -5.224  -4.735  -2.872  -1.016   0.344   0.845   1.725   2.005
   2.097   2.158   2.358   2.533
            0.400000 -0.115470  0.000000
 -11.698  -8.761  -5.230  -4.735  -2.873  -1.008   0.342   0.841   1.728   2.004
   2.096   2.158   2.356   2.534
           -0.100000  0.461880  0.000000
 -11.408  -9.197  -5.215  -4.705  -3.153  -0.987   0.278   0.917   2.043   2.208
   2.417   2.535   2.595   2.906
           -0.350000  0.317543  0.000000
 -11.419  -9.172  -5.223  -4.714  -3.140  -1.004   0.267   0.919   2.044   2.208
   2.417   2.535   2.597   2.907
            0.450000  0.144338  0.000000
 -11.422  -9.165  -5.231  -4.710  -3.141  -0.997   0.258   0.924   2.046   2.205
   2.417   2.535   2.597   2.914
           -0.350000 -0.317543  0.000000
 -11.419  -9.172  -5.223  -4.714  -3.140  -1.004   0.267   0.919   2.044   2.208
   2.417   2.535   2.597   2.919
            0.450000 -0.144338  0.000000
 -11.422  -9.165  -5.231  -4.710  -3.141  -0.997   0.258   0.924   2.046   2.205
   2.417   2.535   2.597   2.909
           -0.100000  0.519615  0.000000
 -11.158  -9.532  -5.239  -4.598  -3.387  -0.977   0.221   1.058   1.904   2.522
   2.829   2.951   2.962   3.220
           -0.400000  0.346410  0.000000
 -11.177  -9.497  -5.251  -4.609  -3.370  -0.993   0.208   1.058   1.911   2.521
   2.829   2.952   2.962   3.220
            0.500000  0.173205  0.000000
 -11.179  -9.493  -5.255  -4.606  -3.371  -0.988   0.201   1.064   1.908   2.522
   2.829   2.952   2.962   3.220
           -0.400000 -0.346410  0.000000
 -11.177  -9.498  -5.251  -4.609  -3.370  -0.993   0.208   1.058   1.911   2.521
   2.829   2.952   2.962   3.220
            0.500000 -0.173205  0.000000
 -11.179  -9.493  -5.255  -4.606  -3.370  -0.989   0.201   1.064   1.908   2.522
   2.829   2.952   2.962   3.219
           -0.450000  0.375278  0.000000
 -11.070  -9.633  -5.266  -4.547  -3.468  -0.988   0.185   1.155   1.764   2.929
   2.961   3.266   3.315   3.353
            0.550000  0.202073  0.000000
 -11.070  -9.633  -5.266  -4.547  -3.468  -0.988   0.185   1.155   1.764   2.929
   2.961   3.266   3.315   3.352
           -0.150000  0.259808  0.000000
 -12.217  -7.948  -5.171  -4.504  -2.430  -0.436  -0.242   1.107   1.221   1.229
   1.423   1.532   1.663   1.910
            0.300000  0.000000  0.000000
 -12.220  -7.935  -5.161  -4.526  -2.430  -0.455  -0.214   1.105   1.209   1.219
   1.423   1.532   1.662   1.910
           -0.150000  0.317543  0.000000
 -11.999  -8.278  -5.183  -4.806  -2.559  -0.488   0.100   0.957   1.371   1.475
   1.671   1.783   1.888   2.161
           -0.200000  0.288675  0.000000
 -12.000  -8.274  -5.180  -4.810  -2.557  -0.498   0.101   0.960   1.371   1.476
   1.671   1.783   1.890   2.161
            0.350000  0.028868  0.000000
 -12.004  -8.260  -5.177  -4.826  -2.556  -0.498   0.121   0.935   1.374   1.466
   1.671   1.784   1.888   2.162
           -0.200000 -0.288675  0.000000
 -12.000  -8.274  -5.180  -4.810  -2.557  -0.498   0.100   0.960   1.371   1.476
   1.671   1.783   1.889   2.161
            0.350000 -0.028868  0.000000
 -12.004  -8.260  -5.177  -4.826  -2.556  -0.498   0.121   0.935   1.374   1.466
   1.671   1.784   1.888   2.162
           -0.150000  0.375278  0.000000
 -11.745  -8.663  -5.213  -4.939  -2.765  -0.516   0.387   0.658   1.661   1.856
   1.979   2.084   2.196   2.461
           -0.250000  0.317543  0.000000
 -11.748  -8.654  -5.213  -4.945  -2.760  -0.530   0.384   0.658   1.660   1.859
   1.980   2.084   2.199   2.460
            0.400000  0.057735  0.000000
 -11.753  -8.641  -5.224  -4.945  -2.759  -0.523   0.402   0.634   1.663   1.850
   1.979   2.084   2.195   2.461
           -0.250000 -0.317543  0.000000
 -11.748  -8.654  -5.213  -4.945  -2.760  -0.529   0.384   0.658   1.660   1.859
   1.980   2.084   2.199   2.461
            0.400000 -0.057735  0.000000
 -11.753  -8.640  -5.224  -4.945  -2.759  -0.523   0.402   0.634   1.663   1.850
   1.979   2.084   2.195   2.462
           -0.150000  0.433013  0.000000
 -11.467  -9.066  -5.358  -4.826  -3.024  -0.489   0.379   0.617   1.998   2.222
   2.333   2.434   2.546   2.806
           -0.300000  0.346410  0.000000
 -11.474  -9.050  -5.364  -4.831  -3.015  -0.505   0.382   0.609   1.998   2.222
   2.334   2.434   2.549   2.806
            0.450000  0.086603  0.000000
 -11.479  -9.038  -5.375  -4.828  -3.014  -0.494   0.356   0.626   2.000   2.217
   2.333   2.434   2.546   2.806
           -0.300000 -0.346410  0.000000
 -11.474  -9.050  -5.364  -4.831  -3.015  -0.505   0.382   0.609   1.998   2.222
   2.334   2.434   2.549   2.806
            0.450000 -0.086603  0.000000
 -11.479  -9.038  -5.375  -4.828  -3.014  -0.494   0.356   0.626   2.000   2.217
   2.333   2.434   2.546   2.806
           -0.150000  0.490748  0.000000
 -11.189  -9.438  -5.479  -4.641  -3.290  -0.431   0.165   0.832   2.141   2.417
   2.709   2.836   2.855   3.157
           -0.350000  0.375278  0.000000
 -11.202  -9.414  -5.489  -4.648  -3.277  -0.448   0.164   0.826   2.146   2.416
   2.709   2.836   2.856   3.158
            0.500000  0.115470  0.000000
 -11.207  -9.405  -5.496  -4.647  -3.277  -0.435   0.143   0.837   2.144   2.416
   2.709   2.836   2.856   3.158
           -0.350000 -0.375278  0.000000
 -11.202  -9.414  -5.489  -4.648  -3.277  -0.448   0.164   0.826   2.146   2.416
   2.709   2.836   2.856   3.158
            0.500000 -0.115470  0.000000
 -11.207  -9.404  -5.496  -4.647  -3.276  -0.436   0.143   0.837   2.144   2.416
   2.709   2.836   2.856   3.157
           -0.150000  0.548483  0.000000
 -10.983  -9.695  -5.542  -4.488  -3.484  -0.375   0.034   1.019   1.899   2.840
   3.145   3.234   3.285   3.367
           -0.400000  0.404145  0.000000
 -11.005  -9.659  -5.554  -4.499  -3.466  -0.391   0.026   1.015   1.906   2.839
   3.146   3.235   3.285   3.367
            0.550000  0.144338  0.000000
 -11.008  -9.656  -5.556  -4.499  -3.466  -0.383   0.017   1.019   1.905   2.840
   3.146   3.234   3.285   3.367
           -0.400000 -0.404145  0.000000
 -11.005  -9.660  -5.554  -4.499  -3.466  -0.391   0.026   1.015   1.906   2.839
   3.146   3.235   3.285   3.367
            0.550000 -0.144338  0.000000
 -11.008  -9.656  -5.556  -4.499  -3.466  -0.384   0.016   1.019   1.905   2.840
   3.146   3.234   3.285   3.367
           -0.200000  0.346410  0.000000
 -11.765  -8.615  -5.168  -5.064  -2.722  -0.164   0.094   0.894   1.552   1.643
   1.939   2.060   2.125   2.438
            0.400000  0.000000  0.000000
 -11.771  -8.596  -5.186  -5.061  -2.719  -0.176   0.120   0.872   1.539   1.645
   1.938   2.060   2.124   2.439
           -0.200000  0.404145  0.000000
 -11.499  -8.987  -5.453  -4.890  -2.945  -0.091   0.194   0.837   1.894   1.965
   2.263   2.385   2.436   2.760
           -0.250000  0.375278  0.000000
 -11.501  -8.981  -5.455  -4.891  -2.943  -0.105   0.207   0.827   1.897   1.967
   2.263   2.385   2.437   2.759
            0.450000  0.028868  0.000000
 -11.508  -8.963  -5.470  -4.890  -2.939  -0.095   0.196   0.827   1.882   1.968
   2.263   2.385   2.435   2.758
           -0.250000 -0.375278  0.000000
 -11.501  -8.981  -5.455  -4.891  -2.943  -0.105   0.207   0.827   1.898   1.967
   2.263   2.385   2.437   2.758
            0.450000 -0.028868  0.000000
 -11.508  -8.963  -5.470  -4.890  -2.939  -0.095   0.197   0.827   1.882   1.968
   2.263   2.385   2.436   2.761
           -0.200000  0.461880  0.000000
 -11.214  -9.359  -5.660  -4.675  -3.204  -0.142   0.286   0.859   2.286   2.334
   2.638   2.753   2.800   2.875
           -0.300000  0.404145  0.000000
 -11.221  -9.346  -5.665  -4.679  -3.197  -0.157   0.299   0.843   2.290   2.335
   2.639   2.753   2.801   2.881
            0.500000  0.057735  0.000000
 -11.228  -9.331  -5.675  -4.678  -3.194  -0.143   0.272   0.858   2.288   2.328
   2.639   2.753   2.801   2.877
           -0.300000 -0.404145  0.000000
 -11.221  -9.346  -5.665  -4.679  -3.197  -0.157   0.299   0.843   2.290   2.335
   2.639   2.753   2.801   2.881
            0.500000 -0.057735  0.000000
 -11.228  -9.331  -5.675  -4.679  -3.194  -0.143   0.272   0.858   2.288   2.328
   2.639   2.753   2.801   2.877
           -0.200000  0.519615  0.000000
 -10.949  -9.682  -5.784  -4.462  -3.448  -0.196   0.314   0.983   2.144   2.751
   3.052   3.163   3.189   3.279
           -0.350000  0.433013  0.000000
 -10.964  -9.658  -5.792  -4.470  -3.436  -0.208   0.317   0.971   2.149   2.750
   3.052   3.164   3.190   3.284
            0.550000  0.086603  0.000000
 -10.970  -9.647  -5.797  -4.470  -3.434  -0.200   0.300   0.982   2.147   2.750
   3.052   3.163   3.190   3.277
           -0.350000 -0.433013  0.000000
 -10.964  -9.658  -5.792  -4.470  -3.436  -0.208   0.317   0.971   2.149   2.750
   3.052   3.164   3.190   3.284
            0.550000 -0.086603  0.000000
 -10.970  -9.647  -5.797  -4.470  -3.434  -0.200   0.300   0.982   2.147   2.750
   3.052   3.163   3.190   3.277
           -0.400000  0.461880  0.000000
 -10.844  -9.796  -5.836  -4.366  -3.550  -0.225   0.309   1.064   2.008   3.154
   3.273   3.397   3.480   3.552
            0.600000  0.115470  0.000000
 -10.844  -9.796  -5.836  -4.366  -3.550  -0.225   0.309   1.064   2.008   3.154
   3.273   3.397   3.481   3.552
           -0.250000  0.433013  0.000000
 -11.226  -9.324  -5.728  -4.689  -3.168  -0.136   0.358   1.127   2.053   2.294
   2.608   2.730   2.752   2.883
            0.500000  0.000000  0.000000
 -11.236  -9.302  -5.741  -4.690  -3.161  -0.135   0.348   1.134   2.034   2.296
   2.608   2.731   2.751   2.889
           -0.250000  0.490748  0.000000
 -10.937  -9.660  -5.920  -4.455  -3.414  -0.308   0.659   1.234   2.365   2.599
   2.823   2.984   3.068   3.143
           -0.300000  0.461880  0.000000
 -10.943  -9.652  -5.923  -4.457  -3.409  -0.312   0.663   1.223   2.368   2.601
   2.826   2.984   3.068   3.143
            0.550000  0.028868  0.000000
 -10.954  -9.633  -5.932  -4.460  -3.404  -0.311   0.650   1.238   2.357   2.596
   2.827   2.983   3.066   3.143
           -0.300000 -0.461880  0.000000
 -10.943  -9.652  -5.923  -4.457  -3.409  -0.312   0.663   1.223   2.368   2.601
   2.826   2.984   3.068   3.143
            0.550000 -0.028868  0.000000
 -10.954  -9.633  -5.932  -4.460  -3.404  -0.311   0.650   1.238   2.357   2.596
   2.827   2.983   3.066   3.143
           -0.250000  0.548483  0.000000
 -10.695  -9.929  -6.018  -4.251  -3.623  -0.401   0.908   1.186   2.258   2.956
   3.129   3.339   3.478   3.587
           -0.350000  0.490748  0.000000
 -10.713  -9.904  -6.024  -4.260  -3.612  -0.406   0.913   1.171   2.261   2.958
   3.127   3.338   3.478   3.585
            0.600000  0.057735  0.000000
 -10.720  -9.895  -6.027  -4.261  -3.609  -0.406   0.902   1.185   2.259   2.954
   3.126   3.335   3.477   3.586
           -0.350000 -0.490748  0.000000
 -10.713  -9.904  -6.024  -4.260  -3.612  -0.406   0.913   1.171   2.260   2.958
   3.127   3.338   3.478   3.585
            0.600000 -0.057735  0.000000
 -10.720  -9.895  -6.027  -4.261  -3.609  -0.406   0.902   1.185   2.259   2.954
   3.126   3.335   3.477   3.585
           -0.300000  0.519615  0.000000
 -10.653  -9.957  -6.089  -4.215  -3.640  -0.470   1.023   1.439   2.601   2.607
   2.958   3.168   3.444   3.568
            0.600000  0.000000  0.000000
 -10.671  -9.934  -6.094  -4.221  -3.631  -0.473   1.013   1.453   2.587   2.613
   2.946   3.170   3.444   3.567
           -0.350000  0.548483  0.000000
 -10.471 -10.141  -6.148  -4.054  -3.794  -0.529   1.274   1.355   2.581   2.708
   3.122   3.540   3.660   3.911
            0.650000  0.028868  0.000000
 -10.471 -10.141  -6.148  -4.054  -3.794  -0.529   1.275   1.355   2.581   2.708
   3.123   3.540   3.660   3.911
